4.757 1.7333
5.372 2.4457
6.59 3.3942
8.228 3.5492
8.905 2.5907
10.005 1.5411
10.756 0.8091
12.118 0.537
12.387 0.7119
13.636 2.2693
14.603 3.9244
16.08 5.53
16.858 6.069
18.059 5.344
19.343 4.282
20.284 3.6552
20.97 3.376
23.398 5.302
25.22 7.828
27.037 9.726
30.132 8.675
32.105 7.054
34.6 6.705
37.099 6.893
39.852 6.448
40.618 5.17
43.702 3.3695
46.273 2.4145
48.927 1.5995
51.403 0.9059
53.89 0.7022
56.275 0.35086
58.843 0.22883
61.231 0.12562
63.728 0.12516
69.915 0.08921
