4.143   0.4695      4.582    0.02151     0.02151     
4.739   0.2828      4.58     0.01295     0.01295     
5.181   0.136       5.476    0.007447    0.007447    
5.856   0.1182      5.473    0.006468    0.006468    
6.314   0.2174      4.592    0.009983    0.009983    
6.77    0.3642      4.8      0.01748     0.01748     
7.224   0.4872      6.79     0.03308     0.03308     
7.826   0.53        5.47     0.02899     0.02899     
8.65    0.4191      4.587    0.01922     0.01922     
9.096   0.2722      4.582    0.01247     0.01247     
9.461   0.1016      3.688    0.003746    0.003746    
9.818   0.01913     4.582    0.0008764   0.0008764   
10.58   0.03487     3.691    0.001287    0.001287    
11.19   0.1465      4.582    0.006712    0.006712    
11.65   0.2852      3.679    0.01049     0.01049     
12.33   0.396       3.829    0.01516     0.01516     
12.78   0.439       4.577    0.02009     0.02009     
13.31   0.3604      3.68     0.01326     0.01326     
13.75   0.2571      4.575    0.01176     0.01176     
14.42   0.1423      4.584    0.006522    0.006522    
14.87   0.06657     5.476    0.003645    0.003645    
15.77   0.06291     5.47     0.003441    0.003441    
16      0.09963     3.68     0.003666    0.003666    
16.61   0.1903      4.581    0.008717    0.008717    
16.91   0.2618      4.806    0.01258     0.01258     
17.29   0.31        4.588    0.01422     0.01422     
18.19   0.2875      3.687    0.0106      0.0106      
18.49   0.2361      4.583    0.01082     0.01082     
19.24   0.1765      4.58     0.008083    0.008083    
19.53   0.1259      4.576    0.005761    0.005761    
20.58   0.09588     4.586    0.004397    0.004397    
20.89   0.1259      3.684    0.004637    0.004637    
21.56   0.1748      4.577    0.008       0.008       
22.02   0.2294      4.8      0.01101     0.01101     
22.47   0.264       4.8      0.01267     0.01267     
23.07   0.2846      3.683    0.01048     0.01048     
23.75   0.2665      4.582    0.01221     0.01221     
24.27   0.2472      4.584    0.01133     0.01133     
24.57   0.2147      4.585    0.009843    0.009843    
25.02   0.1936      4.582    0.00887     0.00887     
25.85   0.1882      4.588    0.008634    0.008634    
26.6    0.2249      3.821    0.008593    0.008593    
27.2    0.2471      4.812    0.01189     0.01189     
27.51   0.2688      3.684    0.009901    0.009901    
28.86   0.279       4.578    0.01277     0.01277     
29.38   0.2356      4.58     0.01079     0.01079     
29.53   0.2637      3.682    0.009707    0.009707    
30.28   0.2312      4.581    0.01059     0.01059     
30.81   0.2145      3.682    0.007897    0.007897    
31.26   0.1934      3.685    0.007125    0.007125    
32.46   0.1952      3.679    0.007181    0.007181    
33.36   0.1952      3.683    0.007189    0.007189    
34.56   0.176       3.681    0.006477    0.006477    
38.99   0.09739     4.581    0.004461    0.004461    
39.74   0.08619     4.582    0.003949    0.003949    
40.64   0.07348     4.583    0.003367    0.003367    
41.84   0.06147     4.585    0.002818    0.002818    
43.49   0.04383     4.582    0.002008    0.002008    
44.99   0.03039     4.581    0.001392    0.001392    
45.74   0.02209     4.582    0.001012    0.001012    
51.14   0.008012    4.587    0.0003675   0.0003675   
55.26   0.003253    8.955    0.0002913   0.0002913   
58.48   0.001535    13.128   0.0002015   0.0002015   
61.48   0.0008986   13.933   0.0001252   0.0001252   
64.63   0.000536    26.624   0.0001427   0.0001427   