1.366   0.5864    10   0.0587   0.0587   
3.074   0.5683    10   0.0569   0.0569   
4.782   0.5421    10   0.0543   0.0543   
6.49    0.7079    10   0.0708   0.0708   
8.197   0.9391    10   0.094    0.094    
8.197   1.17      10   0.117    0.117    
9.564   1.435     10   0.1435   0.1435   
11.27   1.413     10   0.1413   0.1413   
12.3    1.306     10   0.1306   0.1306   
15.71   0.6649    10   0.0665   0.0665   
18.1    0.05393   10   0.0054   0.0054   
20.83   0.2473    10   0.0248   0.0248   
22.54   1.189     10   0.1189   0.1189   
25.28   2.125     10   0.2125   0.2125   
28.01   2.298     10   0.2298   0.2298   
31.08   1.458     10   0.1458   0.1458   
33.81   0.4151    10   0.0416   0.0416   
34.84   0.1076    10   0.0108   0.0108   
36.89   0.02703   10   0.0028   0.0028   
37.91   0.1864    10   0.0187   0.0187   
38.25   0.5864    10   0.0587   0.0587   
39.62   1.099     10   0.1099   0.1099   
41.33   1.627     10   0.1627   0.1627   
42.35   2.091     10   0.2091   0.2091   
43.72   2.371     10   0.2371   0.2371   
45.09   2.525     10   0.2525   0.2525   
46.79   2.262     10   0.2262   0.2262   
47.82   2.027     10   0.2028   0.2028   
48.5    1.705     10   0.1705   0.1705   
49.87   1.348     10   0.1348   0.1348   
51.23   1.082     10   0.1082   0.1082   
52.6    0.9844    10   0.0985   0.0985   
53.97   1.207     10   0.1207   0.1207   
54.99   1.577     10   0.1577   0.1577   
56.36   2.192     10   0.2192   0.2192   
57.72   2.908     10   0.2908   0.2908   
58.41   3.681     10   0.3681   0.3681   
60.11   4.374     10   0.4374   0.4374   
61.48   4.882     10   0.4882   0.4882   
62.16   5.281     10   0.5281   0.5281   
64.9    5.45      10   0.545    0.545    
65.92   5.038     10   0.5038   0.5038   
66.94   4.585     10   0.4585   0.4585   
67.97   4.044     10   0.4044   0.4044   
69.34   3.403     10   0.3403   0.3403   
70.7    2.863     10   0.2863   0.2863   
72.07   2.192     10   0.2192   0.2192   
73.09   2.027     10   0.2028   0.2028   
74.46   1.816     10   0.1816   0.1816   
75.48   1.679     10   0.1679   0.1679   
76.85   1.577     10   0.1577   0.1577   
78.22   1.788     10   0.1788   0.1788   
79.92   1.903     10   0.1903   0.1903   
82.31   1.995     10   0.1995   0.1995   
85.05   1.845     10   0.1845   0.1845   
87.44   1.679     10   0.1679   0.1679   
89.49   1.413     10   0.1413   0.1413   
91.88   1.134     10   0.1134   0.1134   
93.93   0.8154    10   0.0816   0.0816   
95.98   0.6244    10   0.0625   0.0625   
98.03   0.5507    10   0.0551   0.0551   
100.4   0.5864    10   0.0587   0.0587   
102.1   0.9245    10   0.0925   0.0925   
104.2   1.348     10   0.1348   0.1348   
105.9   1.934     10   0.1934   0.1934   
108.3   2.227     10   0.2227   0.2227   
111.7   2.486     10   0.2486   0.2486   
114.1   2.059     10   0.2059   0.2059   
116.1   1.627     10   0.1627   0.1627   
117.8   1.286     10   0.1286   0.1286   
119.5   1.306     10   0.1306   0.1306   
121.6   1.348     10   0.1348   0.1348   
123.6   1.602     10   0.1603   0.1603   
126     1.874     10   0.1874   0.1874   
127.1   2.334     10   0.2334   0.2334   
128.8   2.606     10   0.2606   0.2606   
130.5   2.447     10   0.2447   0.2447   
131.8   2.192     10   0.2192   0.2192   
133.9   2.059     10   0.2059   0.2059   
135.6   2.027     10   0.2028   0.2028   
137.6   1.845     10   0.1845   0.1845   
139.4   1.845     10   0.1845   0.1845   
140.4   2.125     10   0.2125   0.2125   
142.1   2.689     10   0.2689   0.2689   
143.5   2.863     10   0.2863   0.2863   
144.8   3.097     10   0.3097   0.3097   
146.5   3.196     10   0.3196   0.3196   
148.2   3.196     10   0.3196   0.3196   
149.3   2.908     10   0.2908   0.2908   
151     2.298     10   0.2298   0.2298   
152.7   2.027     10   0.2028   0.2028   
154     1.189     10   0.1189   0.1189   
155.7   0.9245    10   0.0925   0.0925   
158.5   0.3719    10   0.0372   0.0372   
161.6   1.327     10   0.1327   0.1327   
162.9   1.602     10   0.1603   0.1603   
163.9   3.246     10   0.3246   0.3246   
166.3   5.118     10   0.5118   0.5118   
167.7   5.803     10   0.5803   0.5803   
169.4   7.006     10   0.7006   0.7006   