11.41   456.4    7.5   34.23     34.23     
14.72   265.6    7.5   19.92     19.92     
18.01   74.83    7.5   5.61225   5.61225   
22.49   5.455    7.5   0.40913   0.40913   
24.92   2.794    7.5   0.20955   0.20955   
28.98   13.94    7.5   1.0455    1.0455    
33.01   17.74    7.5   1.3305    1.3305    
38.76   9.611    7.5   0.72083   0.72083   
41.37   5.064    7.5   0.3798    0.3798    
43.63   3.755    7.5   0.28162   0.28162   
45.19   2.036    7.5   0.1527    0.1527    
46.94   2.185    7.5   0.16387   0.16387   
51.84   2.553    7.5   0.19148   0.19148   
54.82   3.591    7.5   0.26933   0.26933   
56.57   3.91     7.5   0.29325   0.29325   
59.71   3.112    7.5   0.2334    0.2334    
65.66   3.065    7.5   0.22988   0.22988   
67.74   1.862    7.5   0.13965   0.13965   
68.45   2.177    7.5   0.16328   0.16328   
72.63   1.131    7.5   0.08482   0.08482   
80.67   1.378    7.5   0.10335   0.10335   
83.3    1.73     7.5   0.12975   0.12975   
88.56   3.326    7.5   0.24945   0.24945   
95.36   1.336    7.5   0.1002    0.1002    
102.5   0.8228   7.5   0.06171   0.06171   
108.6   1.674    7.5   0.12555   0.12555   
114.9   2.192    7.5   0.1644    0.1644    