4.063   0.4392      4.169    0.01831     0.01831     
4.545   0.2504      4.17     0.01044     0.01044     
4.959   0.1452      4.168    0.006051    0.006051    
5.165   0.1245      4.17     0.005191    0.005191    
6.061   0.1245      3.351    0.004171    0.004171    
6.198   0.2399      4.169    0.01        0.01        
6.612   0.3999      3.341    0.01336     0.01336     
7.094   0.5119      3.349    0.01714     0.01714     
7.851   0.5163      4.982    0.02572     0.02572     
8.402   0.3932      4.169    0.01639     0.01639     
8.953   0.2319      4.169    0.009666    0.009666    
9.229   0.0569      4.169    0.002372    0.002372    
10.26   0.008095    4.981    0.0004032   0.0004032   
10.61   0.04013     6.143    0.002465    0.002465    
11.09   0.1874      4.982    0.009335    0.009335    
11.64   0.3288      3.343    0.01099     0.01099     
11.91   0.4281      4.168    0.01784     0.01784     
12.67   0.4392      3.35     0.01471     0.01471     
13.15   0.3642      4.169    0.01518     0.01518     
13.71   0.2319      4.169    0.009666    0.009666    
14.19   0.1087      4.168    0.00453     0.00453     
14.6    0.0505      4.983    0.002516    0.002516    
15.29   0.06465     4.169    0.002695    0.002695    
15.91   0.1379      3.35     0.004619    0.004619    
16.32   0.228       4.168    0.009503    0.009503    
16.67   0.2918      4.157    0.01213     0.01213     
17.22   0.3232      4.168    0.01347     0.01347     
17.91   0.2869      4.981    0.01429     0.01429     
18.39   0.2185      3.349    0.007316    0.007316    
19.01   0.1554      4.982    0.007741    0.007741    
19.15   0.1087      4.98     0.005413    0.005413    
20.04   0.1033      4.98     0.005144    0.005144    
20.39   0.13        3.348    0.004352    0.004352    
21.21   0.1812      4.168    0.007551    0.007551    
21.49   0.2379      4.169    0.009916    0.009916    
22.04   0.268       3.349    0.008975    0.008975    
23.21   0.2613      4.168    0.01089     0.01089     
23.62   0.2339      4.169    0.009749    0.009749    
24.52   0.1843      4.157    0.007661    0.007661    
25.28   0.1923      4.982    0.00958     0.00958     
25.96   0.2024      4.168    0.008435    0.008435    
26.86   0.2461      4.17     0.01026     0.01026     
27.82   0.2749      4.169    0.01146     0.01146     
28.99   0.2525      4.983    0.01258     0.01258     
32.23   0.1989      4.169    0.008292    0.008292    
33.2    0.1923      4.168    0.008015    0.008015    
34.16   0.1781      3.349    0.005964    0.005964    
35.4    0.1515      4.168    0.006314    0.006314    
36.36   0.1311      4.168    0.005463    0.005463    
40.43   0.07222     4.168    0.00301     0.00301     
42.56   0.04638     4.168    0.001933    0.001933    
47.93   0.01614     4.168    0.0006726   0.0006726   
53.31   0.005613    4.982    0.0002796   0.0002796   
55.1    0.003826    5.787    0.0002214   0.0002214   
58.61   0.001578    17.789   0.0002807   0.0002807   
60.4    0.001192    25.135   0.0002996   0.0002996   
63.43   0.0004438   45.359   0.0002013   0.0002013   